1 0 0 0
2 16.3036 -7.74122 0.00620005
3 -2.68244 2.30977 -0.00115695
4 -0.571376 0.586572 -0.000606446
5 0.293989 -0.702364 -0.00018622
6 -4.61522 -2.94207 0.000744774
7 -9.58913 -4.94829 0.00177573
8 -11.658 -5.77531 0.00253335
9 -12.6261 -5.39115 0.00282878
10 -13.9518 -4.86108 0.00320277
11 -15.3396 -3.60492 0.00270737
12 -16.3711 -1.42291 0.00179507
13 -20.2011 0.764312 0.000438986
14 -26.9634 2.73583 -0.0011101
15 -33.4776 4.01761 -0.00244079
16 -39.491 5.36543 -0.00363221
17 -43.4621 7.3789 -0.00494469
18 -49.6639 8.04558 -0.00761047
19 -56.5179 8.69253 -0.00999704
20 -61.6312 8.69602 -0.0128066
21 -66.5078 8.78767 -0.0161982
22 -70.0676 9.24909 -0.018738
23 -72.0899 9.69433 -0.0206077
24 -73.1264 11.5438 -0.0227382
25 -72.0125 15.4596 -0.0246981
26 -74.6214 19.1112 -0.0263973
27 -73.7314 21.8777 -0.0272075
28 -70.069 24.2638 -0.0271822
29 -67.4241 26.7988 -0.0271867
30 -64.3364 29.4306 -0.0264964
31 -57.9193 30.1888 -0.023651
32 -51.877 30.0648 -0.0193838
33 -47.3735 29.4724 -0.0156405
34 -43.8709 29.2021 -0.0129247
35 -41.7114 27.158 -0.0101259
36 -39.2525 23.7623 -0.00714401
37 -34.3333 20.5513 -0.00436256
38 -29.1672 16.9833 -0.00154374
39 -24.2208 12.4846 0.0012149
40 -17.2923 8.6575 0.00319497
41 -10.2241 4.3517 0.00425115
42 -5.47625 -0.349362 0.00485209
43 -7.25274 -1.6687 0.00269628
44 -9.29542 -5.74277 0.00193508
45 -6.02294 -9.34183 0.00153491
46 -0.410619 -12.3398 0.00187893
47 4.44288 -15.2394 0.00232516
48 7.1592 -16.7561 0.0023448
49 8.18958 -18.7213 0.00304779
50 10.6168 -20.077 0.00419126
51 14.7982 -20.642 0.00539759
52 16.7035 -20.3631 0.0072073
53 14.8082 -17.9484 0.0078617
54 15.5751 -15.0929 0.00841758
55 18.4246 -10.7467 0.00847006
56 17.8505 -5.71755 0.00708681
57 15.7888 -0.391604 0.00453019
58 13.3899 4.50653 0.00129537
59 9.57924 8.84418 -0.00264654
60 3.68529 12.2528 -0.00646997
61 -3.3142 15.1204 -0.00968987
62 -9.39171 16.7287 -0.0115293
63 -15.2522 17.8249 -0.0124038
64 -20.9748 18.8035 -0.0128859
65 -27.3868 19.5208 -0.0136862
66 -32.9566 19.2316 -0.0149582
67 -38.0049 20.4306 -0.0184466
68 -46.3741 19.2625 -0.0223434
69 -53.8412 14.0373 -0.0224937
70 -58.0208 7.83689 -0.0213937
71 -65.5099 1.41095 -0.0204204
72 -78.099 -1.70787 -0.0191993
73 -84.4813 -2.44989 -0.0176576
74 -83.321 0.528927 -0.0165256
75 -78.8227 3.76335 -0.0137965
76 -77.4254 9.83421 -0.0121393
77 -75.3129 17.0928 -0.010583
78 -71.2322 23.1097 -0.00835275
79 -65.4233 28.4141 -0.00678036
80 -56.7077 33.7585 -0.00627858
81 -50.8506 37.7547 -0.00750927
82 -46.8597 40.0422 -0.00968882
83 -42.3299 40.2584 -0.011988
84 -37.2883 38.0224 -0.0148323
85 -33.302 34.0167 -0.0175153
86 -28.2564 31.1204 -0.0201223
87 -23.5154 26.7261 -0.0220084
88 -20.6743 21.0182 -0.022188
89 -21.1938 14.7532 -0.0217393
90 -21.5858 8.21299 -0.0199756
91 -25.0393 3.71887 -0.0194638
92 -28.6672 0.119778 -0.0187206
93 -28.4312 -2.12389 -0.0163309
94 -26.0375 -2.70914 -0.0118836
95 -25.3223 -1.64721 -0.00942085
96 -24.694 1.65853 -0.00653235
97 -22.8993 5.3779 -0.00366448
98 -20.6047 9.33422 -0.00173532
99 -17.4901 12.7884 0.000402139
100 -13.9802 16.0721 0.00160469
101 -12.9527 17.1627 0.00352595
102 -21.3462 18.4765 0.00347858
103 -27.7895 18.392 0.00330209
104 -33.2979 16.3701 0.00349989
105 -37.6096 14.4935 0.00412879
106 -39.7535 13.6542 0.00389504
107 -41.7314 13.1597 0.00254581
108 -45.072 12.1038 -2.38844e-07
109 -48.5747 12.2633 -0.0036831
110 -54.5595 11.8935 -0.00788392
111 -61.694 9.72159 -0.0123295
112 -63.0841 8.33504 -0.0175785
113 -66.7263 4.64237 -0.0210383
114 -75.5493 4.66262 -0.0253216
115 -85.9222 2.43024 -0.0276014
116 -89.163 3.8587 -0.0282143
117 -89.2803 9.32409 -0.0248768
118 -88.2995 17.3931 -0.0230985
119 -82.328 23.3776 -0.0195146
120 -74.6325 28.1492 -0.0162285
121 -67.4872 31.8046 -0.0125579
122 -62.0444 36.1574 -0.0120536
123 -56.1252 37.6611 -0.0125361
124 -51.9026 37.4683 -0.0135619
125 -49.1123 33.7703 -0.0130104
126 -46.3305 29.4993 -0.0123194
127 -42.9463 24.3166 -0.0105123
128 -41.2225 18.9498 -0.00865681
129 -40.0206 12.4975 -0.00530908
130 -43.2102 7.98812 -0.00439205
131 -48.0489 3.51016 -0.00386094
132 -51.4702 -0.816686 -0.00378211
133 -55.0316 -4.3033 -0.00464068
134 -58.2077 -8.15588 -0.00592586
135 -59.0356 -10.4662 -0.00675638
136 -60.1188 -10.9093 -0.00771525
137 -59.8243 -10.4909 -0.007644
138 -54.6154 -7.92852 -0.00656843
139 -42.3737 -3.98874 -0.00679311
140 -35.5769 -1.98878 -0.00612761
141 -32.0137 0.153689 -0.00527164
142 -31.0776 2.27838 -0.00535846
143 -30.0104 3.60307 -0.00442752
144 -27.6207 3.13075 -0.00218017
145 -25.8429 4.74445 -0.00190759
146 -25.4234 6.98136 -0.00202912
147 -27.2527 9.56566 -0.00255507
148 -30.2566 12.5491 -0.00372404
149 -32.847 15.4956 -0.00517537
150 -35.4934 18.3247 -0.00784506
151 -40.3938 19.1625 -0.00960971
152 -44.5211 20.4135 -0.0114229
153 -46.5373 22.6565 -0.014507
154 -49.151 23.4551 -0.0181931
155 -54.9615 24.4354 -0.0227375
156 -61.0778 25.2749 -0.0266836
157 -67.299 28.0161 -0.0317211
158 -71.3388 29.9553 -0.0348538
159 -74.2911 31.8592 -0.0357457
160 -75.4395 33.7653 -0.0349317
161 -75.1946 35.3933 -0.0332566
162 -74.8762 36.5275 -0.0313951
163 -74.9995 36.5033 -0.0297097
164 -74.0531 35.8435 -0.0280749
165 -72.6986 34.6528 -0.0270295
166 -73.4141 31.4507 -0.0257335
167 -74.0859 28.3569 -0.0240721
168 -72.7623 23.0367 -0.0208242
169 -70.1858 18.1647 -0.0173896
170 -67.304 13.7902 -0.0139255
171 -64.0197 9.72088 -0.00996834
172 -58.5643 6.26058 -0.00589375
173 -50.7224 3.66552 -0.00341199
174 -42.7117 2.03345 -0.00273627
175 -39.1947 -0.601184 -0.00329463
176 -38.4948 -4.29496 -0.00251888
177 -39.2685 -6.33904 -0.00245256
178 -38.5461 -9.00439 -0.00226915
179 -37.928 -11.5705 -0.00124411
180 -37.002 -12.557 -0.000272845
181 -35.6884 -13.4147 0.000743134
182 -35.5354 -13.7648 0.00144432
183 -35.985 -14.5763 0.00241948
184 -38.2715 -16.4541 0.00356305
185 -42.0699 -18.0753 0.00482413
186 -47.6612 -18.1413 0.0053479
187 -56.2301 -18.5778 0.00519558
188 -60.3445 -16.0433 0.00524562
189 -62.7202 -11.7928 0.00412744
190 -65.9167 -6.30834 0.00174047
191 -68.2389 -0.988301 -0.0005865
192 -71.7772 1.81641 -0.00310506
193 -75.1388 3.87236 -0.00545393
194 -78.4668 4.75651 -0.00700886
195 -80.9116 4.39952 -0.00798709
196 -82.7672 3.37277 -0.00851451
197 -84.4043 3.79897 -0.00992157
198 -84.0903 4.84641 -0.0116927
199 -82.9245 7.18531 -0.0137584
200 -82.1095 9.46124 -0.0155187
201 -81.1726 12.2084 -0.0174729
202 -80.7514 14.7282 -0.0196252
203 -83.5043 16.6894 -0.0214036
204 -88.4087 17.8425 -0.0227949
205 -93.8923 17.0043 -0.0228354
206 -98.7854 16.0288 -0.0220313
207 -98.0568 15.0106 -0.0204059
208 -95.3673 13.6665 -0.0184618
209 -94.5347 11.0542 -0.0157959
210 -93.8265 10.3259 -0.0140789
211 -94.5534 9.17144 -0.0134196
212 -99.2132 6.54787 -0.0130994
213 -104.185 3.26945 -0.0123344
214 -106.178 2.40951 -0.012624
215 -106.694 0.545945 -0.0121273
216 -105.428 0.17881 -0.0112892
217 -102.819 0.948831 -0.0104771
218 -100.464 2.92448 -0.00974695
219 -98.9194 5.53865 -0.00880947
220 -84.5434 4.26731 -0.00778647
221 -92.6954 8.12304 -0.00664064
222 -90.3823 8.39884 -0.00616935
223 -87.947 8.30923 -0.0058939
224 -87.0382 7.44584 -0.00643083
225 -87.1843 6.9267 -0.00729703
226 -85.5648 5.59675 -0.00784026
227 -83.4778 4.43167 -0.00824559
228 -82.0859 3.88828 -0.0083601
229 -80.9527 2.9117 -0.0078543
230 -78.5502 2.89449 -0.00730985
231 -76.194 3.45761 -0.00707546
232 -75.0581 2.996 -0.00645562
233 -74.6663 3.30821 -0.00631863
234 -76.6185 2.76259 -0.00618529
235 -64.4371 2.59647 -0.00529965
236 -77.9878 1.13486 -0.00566238
237 -79.7132 1.48866 -0.00625451
238 -80.8287 1.09532 -0.00656387
239 -81.2145 1.02767 -0.00697977
240 -81.0759 1.80259 -0.00778104
241 -80.9031 3.10713 -0.008836
242 -79.8047 3.98884 -0.00929187
243 -78.2756 4.37776 -0.00967943
244 -76.3834 5.28187 -0.0101072
245 -75.1189 6.24007 -0.0106621
246 -73.6972 6.56506 -0.0109668
247 -73.0909 7.15626 -0.0114188
248 -71.8047 7.43973 -0.0119439
249 -71.3858 7.75283 -0.0123257
250 -60.8509 6.68893 -0.0105057
251 -67.9391 6.87598 -0.0118181
252 -66.5099 7.01428 -0.0115568
253 -65.7725 6.86105 -0.0113504
254 -64.9511 6.16657 -0.0109114
255 -65.0461 6.00719 -0.0102896
256 -64.9932 5.46287 -0.00972128
257 -64.3524 5.25868 -0.00922529
258 -63.7937 4.58645 -0.00813909
259 -63.9634 4.41182 -0.00748414
260 -63.5087 4.58949 -0.00668915
261 -62.6728 5.96498 -0.00664255
262 -62.1711 6.74822 -0.0066536
263 -62.7802 7.81847 -0.00661937
264 -64.3468 8.6999 -0.00681188
265 -54.5798 7.32407 -0.00591499
266 -62.9041 9.01094 -0.00598735
267 -61.8067 8.18331 -0.00468783
268 -61.0136 6.82949 -0.00324794
269 -60.083 5.52048 -0.00219348
270 -60.592 3.90225 -0.00129623
271 -61.4759 2.4986 -0.000893494
272 -62.2072 0.991245 -0.000800052
273 -62.2751 0.0102139 -0.000828634
274 -63.8371 -1.36933 -0.000581788
275 -64.5318 -2.30831 -0.000239731
276 -65.6047 -1.92307 -0.000449738
277 -65.8488 -1.64285 -0.000506101
278 -66.0188 -0.808404 -0.00030785
279 -67.9179 0.00451494 -0.000332541
280 -57.3713 -0.42602 -0.000193339
281 -67.6349 2.61328 -0.000865908
282 -69.0415 2.6724 -0.000744426
283 -71.0069 2.5505 -0.000598086
284 -71.6761 1.77492 1.78887e-05
285 -72.5978 -0.134819 0.000890272
286 -72.4098 -1.8238 0.00201238
287 -72.6278 -3.86111 0.00301537
288 -71.902 -4.80228 0.00380186
289 -71.1602 -5.75539 0.00452824
290 -69.9158 -5.41133 0.00467071
291 -68.1104 -2.86482 0.00352608
292 -65.7787 -0.21419 0.0020415
293 -63.5934 2.68876 0.000674952
294 -64.8328 5.66998 -0.00105112
295 -54.7843 3.84202 -0.000258334
296 -64.3225 11.4976 -0.00490863
297 -65.6474 13.1881 -0.00623168
298 -67.8842 14.7663 -0.00814799
299 -69.6549 15.9834 -0.00971928
300 -69.581 16.4056 -0.00995178
301 -66.5294 16.332 -0.00846027
302 -59.3526 15.8749 -0.00654764
303 -54.5327 15.4545 -0.00435476
304 -50.0328 13.9425 -0.00205432
305 -46.26 12.8644 -0.000391744
306 -43.4396 10.7832 0.000165799
307 -41.1985 9.00836 -0.000685788
308 -38.8065 6.84293 -0.00204011
309 -36.2932 3.99117 -0.00316673
310 -31.195 3.628 -0.00237342
311 -33.1722 2.30285 -0.00511356
312 -31.621 3.05013 -0.0054845
313 -28.096 3.9885 -0.00498105
314 -23.3802 4.89722 -0.00369009
315 -19.3905 5.12466 -0.00227455
316 -17.5384 5.57322 -0.00238087
317 -18.3461 5.17227 -0.00308517
318 -21.0732 4.00867 -0.00449376
319 -24.5847 2.25193 -0.00536574
320 -28.4696 0.709149 -0.0059992
321 -30.8155 0.478171 -0.00700294
322 -31.7599 0.539489 -0.00744614
323 -32.4811 0.499193 -0.0070538
324 -34.2629 1.50805 -0.0063737
325 -28.2724 1.02185 -0.00559755
326 -38.117 3.15752 -0.00515253
327 -40.6988 3.81778 -0.00473514
328 -42.5301 4.42967 -0.00429594
329 -42.4539 5.10226 -0.00381125
330 -42.1544 5.69647 -0.0035005
331 -41.5704 6.26013 -0.00278277
332 -42.3912 6.14988 -0.00191522
333 -42.8164 5.71605 -0.00127506
334 -43.9386 5.61041 -0.00127333
335 -45.321 4.947 -0.00136068
336 -47.0346 4.01704 -0.00158829
337 -47.6119 3.13841 -0.0017181
338 -47.3693 2.60641 -0.00197282
339 -47.7044 2.78744 -0.00226285
340 -40.399 2.14541 -0.00174203
341 -46.7643 4.0985 -0.00324628
342 -46.2396 5.45256 -0.00342446
343 -45.5486 6.62159 -0.00352563
344 -44.6505 8.32278 -0.00404262
345 -44.2585 9.47036 -0.00464035
346 -44.2312 10.002 -0.00537131
347 -45.2044 10.6052 -0.00608248
348 -46.3488 10.5861 -0.00613554
349 -47.2396 10.056 -0.00577133
350 -46.5518 9.16619 -0.00506525
351 -45.6319 8.2333 -0.00417899
352 -45.1535 6.97907 -0.00312768
353 -45.0418 6.2085 -0.00213588
354 -46.5682 5.50064 -0.00182433
355 -39.2399 4.71881 -0.00154168
356 -47.049 5.15708 -0.00189728
357 -47.5097 4.15244 -0.00154183
358 -47.4036 3.53789 -0.00144429
359 -46.3503 4.07284 -0.0014164
360 -45.3272 3.81777 -0.000950862
361 -43.7507 3.5341 -0.000186024
362 -43.0679 3.57234 0.000175742
363 -41.0484 3.20928 0.00113847
364 -40.0473 2.70086 0.00193529
365 -38.5548 2.41084 0.00247261
366 -36.9201 2.65681 0.00226098
367 -35.4983 2.5191 0.00191112
368 -34.8966 2.5967 0.00136732
369 -35.1291 2.66941 0.000683894
370 -29.6922 2.16361 0.000797154
371 -35.6027 3.34312 -0.000867207
372 -34.8107 2.84081 -0.000767291
373 -30.9188 2.83388 -0.000586224
374 -25.948 2.67944 -0.000169223
375 -23.0486 1.28233 0.00105838
376 -20.9408 -0.481033 0.00257652
377 -19.9078 -2.35495 0.00349609
378 -21.4566 -4.51184 0.00350265
379 -27.9627 -5.52362 0.0026775
380 -34.3258 -5.95475 0.00138552
381 -37.7288 -5.05886 -0.000346173
382 -40.2264 -3.05135 -0.00281824
383 -43.9932 -0.669714 -0.00533917
384 -48.3933 1.66596 -0.00713392
385 -40.4608 0.420457 -0.00543092
386 -50.8306 7.62086 -0.0106764
387 -51.4835 10.2564 -0.0123455
388 -52.4354 11.8816 -0.0137622
389 -53.6658 13.3679 -0.0159591
390 -53.6788 14.7258 -0.0179887
391 -54.5062 14.0841 -0.0186832
392 -54.4732 13.3916 -0.0183494
393 -51.6544 12.1952 -0.0171195
394 -49.0607 10.6263 -0.0150526
395 -47.7299 8.66574 -0.0126105
396 -46.9432 6.91328 -0.01063
397 -46.7851 5.1559 -0.00889233
398 -47.3468 3.37426 -0.00733454
399 -48.0264 1.76055 -0.00636146
400 -40.9809 1.8376 -0.00561875
401 -45.5264 -0.517488 -0.00474843
402 -44.2098 -1.13777 -0.00465406
403 -44.4807 -1.66857 -0.00506591
404 -46.527 -2.77561 -0.00559565
405 -48.5523 -3.24038 -0.00590995
406 -49.3657 -4.29585 -0.00535297
407 -49.1897 -4.99333 -0.00416249
408 -47.0285 -4.30545 -0.00283809
409 -45.0522 -2.97293 -0.00232525
410 -43.1338 -2.64749 -0.000899274
411 -41.846 -1.70416 3.48254e-05
412 -41.2136 -0.803801 0.000734815
413 -41.9064 -0.882397 0.00151541
414 -44.7602 -0.213462 0.00131512
415 -37.2209 -0.216238 0.00126151
416 -48.5984 -0.0504991 0.00032601
417 -49.3703 0.25205 -0.000127283
418 -50.2191 0.250578 -0.000609019
419 -50.412 -0.37282 -0.000214592
420 -49.5661 0.172858 -2.25893e-05
421 -49.1493 1.08274 5.23349e-05
422 -48.3483 2.2033 -0.000195612
423 -48.1149 3.46094 -0.000875688
424 -48.418 4.94109 -0.00169862
425 -47.6663 5.95429 -0.00260962
426 -47.3189 6.88024 -0.00352301
427 -47.1515 6.85275 -0.0041926
428 -46.2051 7.43187 -0.00516442
429 -45.2846 7.15378 -0.00594413
430 -38.849 6.35009 -0.00498892
431 -41.8138 5.4322 -0.00626652
432 -39.2473 4.37415 -0.00614204
433 -36.3283 3.20275 -0.0055147
434 -33.9127 2.3172 -0.00502339
435 -31.8537 1.46633 -0.00470214
