1 0 0 0
2 20.3632 -9.66882 0.00774389
3 -0.995999 2.77776 -0.000683184
4 1.82387 2.85185 -0.000891461
5 8.35393 3.98187 -0.00159856
6 8.32607 3.60297 -0.00176319
7 5.22877 2.11006 -0.00146107
8 4.103 0.624236 -0.000975359
9 4.50408 0.119053 -0.000886584
10 4.66846 -1.05822 0.000199823
11 4.93566 -2.3816 0.00088066
12 8.77301 -2.70834 0.00159127
13 12.664 -2.70049 0.0020027
14 13.2556 -2.23193 0.00198118
15 13.3499 -2.58239 0.0020777
16 12.2311 -3.33825 0.00261602
17 15.4433 -2.06861 0.00435142
18 16.8316 -2.04174 0.00451816
19 15.7724 -1.41315 0.0054469
20 16.0125 -1.57229 0.00640467
21 14.9481 -2.0428 0.00584169
22 13.505 -2.35586 0.00549235
23 12.3874 -4.36191 0.00604442
24 10.5447 -6.97608 0.0061119
25 14.0569 -7.13293 0.00595464
26 9.99296 -6.61975 0.00505506
27 6.78047 -6.62851 0.00419556
28 7.24119 -7.14332 0.00406588
29 5.80559 -7.33623 0.00289733
30 1.56633 -5.43202 8.9392e-05
31 1.26149 -4.45727 -0.00189542
32 2.27917 -3.90463 -0.00179741
33 2.92911 -3.87949 -0.00120977
34 3.83582 -1.57865 -0.0017533
35 2.76419 0.283519 -0.00237008
36 -0.50216 0.672613 -0.00260491
37 -1.56065 1.71779 -0.00305272
38 -2.41408 3.25466 -0.00327927
39 -5.4302 3.25354 -0.00264839
40 -6.17373 4.40097 -0.00176433
41 -3.58715 5.05792 -0.0010039
42 3.13759 2.2989 0.00186169
43 2.84805 5.60071 0.000513622
44 -3.31861 5.58672 9.78113e-05
45 -6.36528 5.40911 -0.000709033
46 -5.99857 5.55434 -0.000829935
47 -4.05508 4.46195 -0.000522403
48 -2.77619 5.10179 -0.00138639
49 -4.76683 4.55617 -0.00202406
50 -6.74604 3.67547 -0.00234395
51 -4.23514 2.44165 -0.00304512
52 -0.587419 -0.172053 -0.00196127
53 -3.6171 -1.30454 -0.00183718
54 -5.57739 -3.58328 -0.00109158
55 -1.82097 -5.0847 0.000758436
56 0.0761898 -6.12958 0.00244975
57 1.05332 -6.35572 0.00373704
58 3.40338 -6.31094 0.00502259
59 6.55671 -5.80054 0.00537371
60 8.60396 -5.4987 0.00503544
61 8.59335 -4.4066 0.00378412
62 9.27955 -4.03909 0.00290308
63 10.1222 -4.015 0.00265147
64 11.677 -3.7317 0.00321395
65 11.6869 -2.85041 0.00422627
66 12.4421 -4.06895 0.00696751
67 16.8678 -0.86833 0.00737325
68 16.6976 4.1485 0.00345736
69 14.6628 6.04688 0.00204944
70 19.7801 6.69744 0.00197984
71 25.7073 3.42595 0.00149645
72 19.2583 0.571508 0.000969142
73 11.0773 -3.71539 0.000976413
74 7.5003 -4.93752 -0.000878286
75 10.2253 -8.87618 -6.0508e-05
76 8.83128 -10.9854 -0.000289389
77 5.9062 -10.5661 -0.0011804
78 2.88589 -10.6518 -0.00056162
79 -0.895514 -11.2713 0.000721095
80 1.32911 -10.2284 0.00279696
81 2.48177 -8.49721 0.00411477
82 1.17715 -6.04308 0.00467333
83 0.0240297 -2.98551 0.00563199
84 0.306769 -0.729512 0.00585643
85 -1.44137 -1.12541 0.00603611
86 -1.50798 1.27306 0.00532671
87 0.478659 3.5618 0.00352614
88 3.96357 5.09137 0.00264801
89 4.36577 6.04311 0.00124318
90 7.90574 4.5236 0.00233965
91 8.00282 3.93764 0.0016984
92 3.80108 2.63228 -0.00060016
93 1.53038 0.760179 -0.00304977
94 3.08478 -1.41093 -0.00151202
95 2.87943 -4.23732 -0.00236492
96 1.33884 -5.2552 -0.00264661
97 0.356181 -6.02029 -0.00202243
98 -0.932608 -5.98352 -0.00242748
99 -1.29617 -5.98278 -0.00175025
100 2.4492 -3.95965 -0.00246004
101 12.8499 -4.12991 -0.000472601
102 11.7262 -2.42273 -0.000380396
103 11.4173 -0.215703 -0.000830852
104 10.555 -0.236375 -0.0011983
105 8.72532 -1.18813 -9.6999e-05
106 9.09011 -1.39177 0.00144041
107 11.0515 -0.839206 0.00322254
108 12.1546 -1.96071 0.00502028
109 15.6356 -1.10445 0.00624253
110 17.0639 0.952048 0.00726861
111 11.9969 0.668605 0.00862155
112 15.634 3.00684 0.00745124
113 22.271 -0.447549 0.00858419
114 24.255 1.49142 0.00659687
115 17.1034 -3.06874 0.00443797
116 13.7178 -8.31467 0.00017373
117 11.6558 -11.8217 0.00118115
118 5.48302 -10.4576 -0.00113495
119 2.68136 -9.81974 -0.00133929
120 2.3793 -9.31538 -0.00178081
121 3.19968 -10.2012 0.00146757
122 2.09564 -7.24658 0.0025801
123 3.35683 -4.95947 0.00303141
124 4.34853 -0.76915 0.00132247
125 3.86804 0.616998 0.000897282
126 3.0211 2.38188 -0.000532033
127 4.59057 3.52969 -0.00104949
128 5.6399 5.31608 -0.00267474
129 10.7552 4.06499 -0.000314461
130 12.938 4.69009 7.98852e-05
131 12.0606 5.08449 0.000673513
132 12.6458 4.80612 0.00180145
133 12.3888 5.48937 0.00235685
134 10.1641 3.99155 0.0020275
135 10.2527 2.01101 0.00212702
136 7.9331 0.727071 0.000954133
137 1.23674 -1.99015 -3.41141e-05
138 -6.77941 -3.68153 0.00116073
139 -1.83504 -2.07214 0.000153763
140 1.24666 -2.52449 -4.74905e-05
141 3.6821 -2.68144 0.000728453
142 3.1964 -1.85358 -0.000596533
143 1.63244 -0.322075 -0.0019457
144 2.22939 -2.76482 5.84491e-05
145 3.89614 -3.79861 0.000549185
146 6.60494 -4.60876 0.00114467
147 8.1902 -5.45886 0.00203681
148 8.23307 -5.82216 0.00271657
149 9.03054 -5.84619 0.00421462
150 11.8857 -4.06646 0.00362062
151 11.4484 -4.7993 0.00416434
152 9.81219 -5.91964 0.00602582
153 11.3203 -4.63007 0.00732521
154 15.4651 -4.98014 0.00881465
155 16.6901 -5.24928 0.00895379
156 17.3956 -7.45205 0.0104808
157 15.6323 -6.94555 0.00867668
158 14.6942 -7.19937 0.00629057
159 12.8515 -7.44117 0.0043205
160 11.4147 -7.31331 0.00317348
161 11.3377 -6.80012 0.00272727
162 11.6291 -5.52215 0.00266015
163 10.3909 -4.65829 0.00254105
164 10.0873 -3.62496 0.00291644
165 12.2164 -1.08656 0.0023733
166 11.939 -0.377222 0.00149791
167 9.53395 2.59619 -0.000625464
168 7.81678 2.82073 -0.00136151
169 6.9479 2.94145 -0.00200449
170 5.64719 3.15467 -0.00309319
171 2.26514 2.9327 -0.00355615
172 -1.26599 2.34505 -0.00204617
173 -1.9199 1.81014 -0.000179255
174 2.49166 3.35494 0.000948261
175 5.39791 4.74454 -0.000400996
176 6.76025 3.50329 0.000262369
177 5.16084 4.49052 -1.32462e-05
178 5.11642 4.54098 -0.00100629
179 4.6309 3.086 -0.00110497
180 4.23789 3.0242 -0.0012651
181 5.51217 2.66402 -0.00110572
182 6.50847 3.40802 -0.0015579
183 8.98122 4.69405 -0.00190532
184 11.413 4.44634 -0.00209026
185 14.4424 2.89146 -0.00132971
186 18.0261 2.82799 -0.000633324
187 13.9568 -0.82928 -0.000635032
188 12.7009 -3.38856 0.000904072
189 13.9083 -5.39553 0.00253844
190 13.5808 -5.64835 0.0028646
191 15.317 -3.42493 0.00340356
192 15.6382 -2.7865 0.003463
193 15.9715 -1.54947 0.00281458
194 15.3669 -0.181179 0.00233959
195 14.9894 0.405522 0.00211627
196 14.7051 -1.23762 0.00327712
197 12.5798 -2.22297 0.00395708
198 11.6014 -3.87784 0.00453022
199 11.8269 -4.23592 0.00453198
200 11.7123 -5.08474 0.00505164
201 12.7029 -5.14023 0.00551429
202 16.649 -4.71892 0.00532604
203 19.6255 -3.77709 0.00492506
204 20.8439 -1.63176 0.00343061
205 20.1043 -1.32611 0.00232465
206 14.1038 -1.05252 0.00118858
207 12.0213 -0.357635 0.000477674
208 13.8091 1.03717 -0.000488431
209 14.129 -0.635167 0.000364002
210 16.2871 0.206732 0.0013651
211 20.9268 2.13782 0.00160489
212 21.5124 2.94292 0.00118776
213 18.5737 0.779564 0.0021579
214 16.8717 1.81302 0.00124185
215 14.6863 0.170814 0.000774985
216 12.9657 -1.27818 0.000682754
217 12.7705 -2.82249 0.00061686
218 11.7842 -3.36031 0.000249645
219 0.00333474 0.00119927 7.11291e-07
220 22.1733 -5.15906 -0.000188996
221 11.3632 -1.54961 0.000460486
222 11.1165 -1.05478 0.000745873
223 12.6277 -0.183825 0.00168584
224 13.4227 -0.326075 0.00209575
225 11.3468 0.653961 0.00182804
226 10.6644 0.579922 0.00169495
227 11.157 0.08889 0.00132531
228 11.0464 0.515228 0.000625803
229 9.43833 -0.512208 0.000543908
230 9.32573 -1.03455 0.000767354
231 10.5034 -0.0411057 0.000359008
232 11.3232 -0.734913 0.000808921
233 12.2765 0.171097 0.000701392
234 0.0028703 -0.0169441 9.64429e-06
235 25.9887 1.23786 0.00134477
236 14.3202 -0.525682 0.00162572
237 13.7589 0.212984 0.00141629
238 13.0041 -0.243122 0.00165122
239 12.432 -1.27879 0.00218813
240 12.217 -1.93681 0.00251153
241 11.0474 -1.58527 0.00197391
242 10.3349 -1.23272 0.00197422
243 9.77373 -1.88447 0.00209603
244 10.1952 -1.99383 0.00227375
245 9.92866 -1.44585 0.00209445
246 10.5397 -1.75341 0.00231527
247 9.62897 -1.46904 0.00241003
248 9.20164 -1.35896 0.00204448
249 0.0126599 -0.00907662 1.40751e-05
250 17.4277 -1.27409 0.00310629
251 8.79638 -1.1915 0.001495
252 9.3788 -0.802076 0.0014779
253 9.30498 -0.228743 0.00114962
254 10.2012 -0.685104 0.000878295
255 9.95702 -0.260145 0.000843373
256 9.29552 -0.507459 0.000755479
257 9.39005 -0.0227869 6.24683e-05
258 10.041 -0.5716 0.000385774
259 9.29652 -1.12631 0.0002396
260 8.85979 -2.45088 0.000989027
261 9.28325 -2.01598 0.00104331
262 10.4477 -2.40057 0.00100737
263 10.2374 -2.05444 0.00111087
264 0.00328943 -0.00562472 3.71463e-06
265 17.9302 -2.92843 0.000768828
266 8.38627 -0.203242 -0.000818554
267 8.57696 0.532685 -0.00111831
268 8.52599 0.735489 -0.00086132
269 10.0985 1.26411 -0.0007601
270 10.5775 1.27411 -0.000278362
271 10.4645 1.5372 2.95343e-05
272 10.0268 1.21273 0.00011261
273 11.6346 1.72978 -0.000205023
274 10.917 1.2299 -0.000271391
275 11.3329 -0.1492 0.00028471
276 10.539 -0.171327 0.000104677
277 10.555 -0.834721 -0.000147543
278 11.0535 -0.810416 6.84732e-05
279 0.0213461 0.0230883 -7.60731e-06
280 21.0587 -3.44988 0.000783286
281 12.4809 -0.433872 -4.42213e-05
282 13.1461 -0.108825 -0.000171031
283 11.971 0.838172 -0.000781332
284 12.2001 2.23949 -0.00120931
285 11.1042 2.31242 -0.00161022
286 11.3952 2.80306 -0.00161017
287 10.3236 1.82184 -0.00149076
288 10.1006 1.73361 -0.00142491
289 9.30716 0.0371449 -0.000655903
290 8.39245 -2.58221 0.000860212
291 7.57284 -3.12974 0.00141531
292 7.72774 -3.76994 0.00152736
293 9.97561 -3.74562 0.00186844
294 0.00301682 -0.00293682 5.39458e-06
295 19.8129 -9.74601 0.00566539
296 11.9317 -4.01676 0.00262485
297 13.0707 -4.07569 0.00342967
298 12.52 -3.76876 0.00308339
299 10.1203 -2.95407 0.0015027
300 6.0758 -2.38498 -0.000525046
301 1.2091 -1.91389 -0.00128761
302 2.88339 -1.72154 -0.00190902
303 2.63748 -0.44162 -0.00224816
304 2.93695 -0.556684 -0.00166629
305 3.53614 0.732015 -0.000419303
306 3.73567 0.770572 0.00119174
307 3.1576 1.55492 0.00183867
308 2.38004 2.31207 0.00155451
309 0.0230756 -0.0141438 8.80864e-06
310 6.81261 0.827802 0.00357948
311 2.71324 -1.38826 0.00111563
312 0.027395 -1.70681 4.21394e-05
313 -1.73143 -1.7145 -0.000931938
314 -1.23226 -1.08289 -0.00102564
315 1.0736 -1.22405 0.000619083
316 4.175 -0.181993 0.00142458
317 6.64413 0.845904 0.00226046
318 7.99723 1.65094 0.00182834
319 8.70604 1.46677 0.0017319
320 7.31018 0.145029 0.00215282
321 6.02696 -0.159703 0.00152501
322 5.96001 -0.190672 0.000582483
323 6.39916 -1.21494 0.000180881
324 0.00468279 -0.0213886 1.6031e-05
325 16.2206 -2.7452 0.000281616
326 9.20222 -1.36608 0.000240235
327 8.43491 -1.42044 0.000145408
328 6.47874 -1.57103 4.267e-05
329 6.19305 -1.56546 0.000102596
330 6.03021 -1.51165 -0.000432871
331 7.51663 -0.775406 -0.000668676
332 7.30165 -0.422947 -0.000439331
333 8.21732 -0.642551 0.000215411
334 8.71826 0.0577396 0.000338236
335 9.12142 0.452013 0.000501202
336 7.9428 0.469927 0.000442236
337 7.05075 0.105286 0.000600504
338 6.75811 -0.56048 0.000593454
339 -0.0362844 -0.0286504 -1.10286e-05
340 13.5488 -2.83201 0.00204139
341 6.54855 -2.4244 0.000740067
342 6.25445 -2.49091 0.000745587
343 5.99684 -3.1888 0.00125696
344 6.5199 -2.71751 0.00144909
345 7.03848 -2.18084 0.00167792
346 8.20735 -2.23767 0.00165661
347 8.4836 -1.5251 0.000934033
348 8.11953 -0.87381 0.000402616
349 6.40829 -0.363572 -8.0291e-05
350 6.11126 -0.135489 -0.000420976
351 6.55019 0.304348 -0.000725916
352 7.00866 -0.070449 -0.000712767
353 7.80215 -0.0331353 -6.50532e-05
354 0.0074476 0.00135849 5.03326e-06
355 15.202 -1.07342 0.00059336
356 7.81704 0.443298 -0.000132754
357 7.08557 -0.0135388 0.000110901
358 5.96957 -1.12347 0.000102701
359 5.76956 -0.294849 -0.000447208
360 5.08444 -0.263491 -0.000814851
361 5.68364 -0.526607 -0.000557194
362 4.18037 -0.0521035 -0.00127462
363 4.96436 0.128186 -0.0011762
364 4.22532 -0.121054 -0.000880265
365 3.87956 -0.639961 -7.26061e-05
366 4.0043 -0.267182 0.000151585
367 4.77092 -0.48583 0.00043957
368 4.97642 -0.432948 0.000593832
369 0.0777133 -0.00411252 1.89454e-05
370 11.2345 -1.62069 0.00177832
371 3.90956 0.0689757 -2.147e-05
372 0.0818443 -0.375199 -0.00018511
373 -1.42761 -0.00207812 -0.000616223
374 0.347167 1.51783 -0.00164775
375 1.04591 2.17832 -0.00205978
376 2.46436 2.59852 -0.00144326
377 6.04764 3.02268 -0.000390421
378 11.9316 1.91359 0.000653758
379 12.3029 1.1692 0.00140551
380 9.7564 -0.477203 0.00222818
381 9.42234 -1.9516 0.00333846
382 11.1662 -2.6364 0.0036117
383 10.9208 -2.5604 0.00275594
384 7.49787e-05 -0.00179898 -4.15685e-07
385 18.4107 -8.83639 0.00720474
386 8.84459 -4.52059 0.00386437
387 9.31165 -3.73323 0.00394628
388 9.60568 -3.76356 0.00501123
389 8.49136 -3.53257 0.00492764
390 9.24335 -1.41335 0.00351932
391 7.95247 -1.16739 0.0022811
392 4.79111 -0.411556 0.00105661
393 4.82232 0.262006 -0.000150287
394 5.97781 0.926467 -0.000827952
395 6.51025 0.991588 -0.000631548
396 7.21105 1.26649 -0.000618303
397 7.90525 1.51279 -0.000585198
398 7.15329 1.37898 -0.000116432
399 0.0182254 0.0185025 -3.85187e-06
400 11.4425 2.54678 -0.000135336
401 5.65918 0.905093 0.000706254
402 7.561 0.975995 0.00128774
403 9.62288 1.63544 0.00143448
404 9.70223 1.14591 0.00111891
405 8.42184 1.81469 6.13952e-05
406 7.10021 1.33867 -0.000763707
407 4.81053 -0.234753 -0.000995161
408 4.71238 -0.942585 -0.000394659
409 4.58766 -0.0789771 -0.00144821
410 5.15058 -0.818413 -0.00106427
411 5.93643 -0.777049 -0.000931243
412 7.53749 0.111316 -0.000981428
413 8.89143 -0.639567 2.49131e-05
414 0.0473791 0.00449819 1.35551e-05
415 19.0838 -0.20346 0.000964238
416 8.59383 -0.330447 0.000539304
417 8.68002 0.0450043 0.00051105
418 7.90059 0.573656 -0.000391472
419 6.79058 -0.741981 -0.00019266
420 7.10806 -1.284 -2.74654e-05
421 6.69589 -1.6938 0.000404549
422 7.28973 -2.05099 0.000966604
423 7.71779 -2.42695 0.00125078
424 6.61031 -2.08555 0.00147669
425 6.97051 -2.00411 0.00158859
426 6.99142 -1.12133 0.00148797
427 5.97783 -1.67323 0.00188096
428 5.18306 -0.688035 0.00158281
429 0.0128249 -0.016358 1.60645e-05
430 9.00772 0.264144 0.00221941
431 3.03335 0.580384 0.000723093
432 2.31233 0.829214 0.000148247
433 2.49614 0.663237 0.000241315
434 2.53975 0.66724 0.000413748
435 2.27525 0.103565 0.000752679
