1 138.53 -19.3838 0.0270553
2 143.138 -21.3434 0.0285102
3 127.194 -13.6329 0.0220963
4 132.461 -18.3002 0.0239797
5 134.743 -22.9256 0.0259351
6 130.253 -28.5637 0.0284661
7 125.54 -33.6871 0.0310288
8 123.671 -37.1518 0.033161
9 122.616 -38.9778 0.0347052
10 120.853 -40.1285 0.0360881
11 118.704 -39.9283 0.0363359
12 116.243 -38.3091 0.0359258
13 109.896 -36.1974 0.0347952
14 99.4718 -33.9395 0.0332344
15 88.2152 -32.0103 0.0316598
16 76.647 -29.5967 0.0299529
17 66.0355 -26.3251 0.0276808
18 52.0866 -24.2141 0.0236301
19 36.591 -22.0387 0.0193591
20 21.9662 -20.4238 0.0141026
21 6.97337 -18.6097 0.00782111
22 -7.0056 -16.3378 0.00206016
23 -19.6463 -13.786 -0.00338916
24 -31.3047 -9.30183 -0.00941236
25 -41.1801 -2.30037 -0.01549
26 -54.5902 4.74758 -0.0213679
27 -63.9405 11.1738 -0.0262833
28 -70.0418 17.5067 -0.0302575
29 -76.5158 24.2661 -0.0340184
30 -81.4363 31.1395 -0.036537
31 -82.0057 36.0517 -0.036198
32 -78.8482 39.3138 -0.0331598
33 -76.8762 42.116 -0.0303031
34 -75.3463 44.7863 -0.0279701
35 -74.5615 45.0622 -0.0250097
36 -72.6381 43.3441 -0.0212921
37 -67.3083 41.1635 -0.0171899
38 -60.732 37.9712 -0.0125593
39 -53.1291 33.3308 -0.00765248
40 -42.2597 28.7995 -0.00332959
41 -30.3018 23.1942 0.000130496
42 -20.6958 16.9804 0.00283161
43 -17.7767 13.5092 0.00265705
44 -14.6527 6.69938 0.00378333
45 -5.41174 -0.205328 0.00529195
46 6.80182 -7.07017 0.0075686
47 18.545 -14.1987 0.00990393
48 28.1388 -20.3756 0.0118512
49 36.1631 -27.3437 0.0146002
50 45.9413 -33.9106 0.0179434
51 57.4769 -39.7103 0.021569
52 66.2758 -44.3418 0.0258765
53 71.206 -46.3699 0.0291026
54 78.9678 -47.206 0.0322014
55 88.4935 -45.6675 0.0345534
56 94.0075 -42.4897 0.0350451
57 97.4684 -38.1001 0.0338205
58 99.9061 -33.2922 0.0312831
59 99.9465 -28.313 0.027414
60 96.868 -23.6497 0.0231845
61 91.8478 -19.1347 0.0193198
62 86.8798 -15.5956 0.0167276
63 81.2133 -12.3475 0.0149958
64 74.7068 -9.08297 0.0135108
65 66.6298 -6.14538 0.0114532
66 58.5194 -4.17986 0.00837882
67 49.6681 -1.10552 0.00257271
68 36.4012 -1.35806 -0.00362889
69 23.323 -6.77887 -0.00588954
70 12.4087 -14.2163 -0.00673918
71 -3.3111 -22.4441 -0.00749804
72 -24.7071 -27.5231 -0.00776329
73 -39.5183 -29.7889 -0.00754537
74 -46.0221 -27.8635 -0.00736278
75 -48.7516 -24.8269 -0.00532869
76 -53.9526 -17.9633 -0.00407714
77 -57.4801 -9.09516 -0.00253028
78 -57.8168 -0.751697 -1.53407e-06
79 -54.8314 7.57576 0.00203349
80 -47.7067 16.4636 0.00293814
81 -42.4993 24.2593 0.00194668
82 -38.1189 30.333 -0.000190509
83 -32.0591 33.9482 -0.00271338
84 -24.3893 34.5515 -0.00605666
85 -16.6304 32.9073 -0.00953372
86 -6.86862 31.6061 -0.0132001
87 3.14958 27.8131 -0.0161778
88 11.2538 21.6641 -0.0174348
89 15.8612 13.928 -0.017918
90 19.9979 5.18251 -0.0171136
91 20.5061 -2.12053 -0.0174643
92 20.8107 -8.88417 -0.0171934
93 25.2199 -14.3575 -0.0146218
94 31.8052 -17.9056 -0.00962239
95 36.7081 -19.2112 -0.00619873
96 41.6743 -17.6047 -0.00200017
97 48.0523 -14.8558 0.00234865
98 55.2289 -11.2403 0.00590857
99 63.5969 -7.66306 0.00981171
100 72.3002 -4.10875 0.0130053
101 77.1316 -2.60401 0.0168873
102 71.3481 -0.906384 0.0187869
103 66.5758 -0.835319 0.020617
104 62.0973 -2.84494 0.0229148
105 58.5263 -4.71998 0.0256293
106 56.7474 -5.48583 0.0272591
107 54.4792 -5.90059 0.0273557
108 50.0416 -6.75504 0.0257086
109 44.4236 -6.34734 0.0222754
110 35.3596 -6.65251 0.0176074
111 24.906 -8.89046 0.0118794
112 19.531 -10.736 0.00472126
113 10.5265 -14.8261 -0.0013751
114 -5.07898 -15.4581 -0.00869579
115 -22.6095 -18.0794 -0.0141162
116 -32.8566 -16.1977 -0.0174578
117 -39.5591 -9.18038 -0.0165892
118 -44.0725 1.19017 -0.0167412
119 -42.33 10.0173 -0.0145515
120 -37.6626 18.0408 -0.0121184
121 -32.635 25.4072 -0.00921391
122 -28.3982 33.4977 -0.00948686
123 -22.9341 38.5146 -0.0107424
124 -18.5027 41.1502 -0.0122548
125 -14.8399 39.5326 -0.0118866
126 -10.4588 36.4762 -0.0108827
127 -4.99631 31.6272 -0.00826386
128 -0.868288 25.611 -0.00499127
129 2.43637 17.7845 1.71932e-05
130 0.834079 11.1874 0.0027461
131 -2.8053 3.91851 0.0051657
132 -5.58725 -3.76755 0.00704302
133 -8.97633 -11.2119 0.00784031
134 -12.1302 -19.3954 0.00814362
135 -13.0321 -26.095 0.00883484
136 -13.9699 -30.8007 0.00945268
137 -12.5809 -34.1572 0.0112095
138 -4.54853 -34.7364 0.0138795
139 11.4146 -33.5439 0.0152395
140 22.2697 -33.891 0.0174533
141 29.8004 -33.7532 0.019691
142 34.6783 -33.431 0.0209779
143 39.7541 -33.9563 0.0234646
144 46.0697 -35.9507 0.0271753
145 51.4791 -35.4491 0.0287672
146 55.0522 -33.806 0.0297999
147 55.7763 -31.1427 0.030234
148 54.8079 -27.3612 0.0297401
149 53.7826 -22.9943 0.028567
150 51.9854 -18.3928 0.025897
151 47.3844 -15.3747 0.0238321
152 43.275 -11.4006 0.0211739
153 40.9146 -6.11045 0.0165807
154 37.1781 -1.95566 0.0106041
155 29.4624 2.6092 0.00309455
156 20.7538 7.47945 -0.00457918
157 11.5189 14.4998 -0.0137816
158 4.18031 20.9003 -0.0211479
159 -2.08464 27.379 -0.0260426
160 -6.46062 33.9402 -0.0289151
161 -9.3608 40.2406 -0.0305861
162 -12.1253 45.8987 -0.0317652
163 -15.1267 50.1747 -0.0328606
164 -16.8411 53.4938 -0.0338371
165 -18.1727 55.7209 -0.0351876
166 -21.5605 55.3563 -0.0359761
167 -24.5947 54.2339 -0.03584
168 -25.0539 50.1073 -0.0335056
169 -23.4909 45.747 -0.03038
170 -20.837 41.2165 -0.0265311
171 -16.6945 36.43 -0.0215023
172 -8.95746 31.8321 -0.0159351
173 2.58007 27.7903 -0.0117875
174 15.0865 24.2619 -0.00941858
175 23.4743 19.2123 -0.00814006
176 29.1233 12.8181 -0.0055018
177 33.4987 7.73484 -0.00353784
178 39.5656 1.77086 -0.00133966
179 45.7736 -4.15855 0.001813
180 52.5861 -8.53376 0.00501762
181 59.9398 -12.7455 0.00834933
182 66.1842 -16.47 0.0114729
183 71.5759 -20.8288 0.0149852
184 74.5859 -26.368 0.0187452
185 75.1513 -31.575 0.0225583
186 72.6264 -35.162 0.0254753
187 66.4418 -38.6097 0.0275342
188 64.2635 -38.3414 0.0294567
189 63.1003 -35.3957 0.0297369
190 60.8824 -30.4056 0.0283089
191 58.9912 -25.0682 0.0265102
192 55.3602 -21.8601 0.0241401
193 51.4244 -19.2028 0.0216945
194 47.205 -17.7116 0.0198901
195 43.6108 -17.5185 0.0185429
196 40.3687 -17.8848 0.0174078
197 37.3981 -16.6004 0.015109
198 36.5775 -14.3647 0.0121509
199 36.762 -10.5287 0.00865077
200 36.7598 -6.39988 0.00519435
201 36.952 -1.47461 0.00127487
202 36.302 3.44603 -0.00303571
203 31.9279 7.90971 -0.00711299
204 24.6089 11.4016 -0.0107862
205 16.4566 12.7135 -0.0129585
206 9.19026 13.6333 -0.0139915
207 8.03914 14.2256 -0.0138696
208 9.09901 14.0454 -0.0130095
209 8.49102 12.375 -0.0111309
210 7.68755 12.2946 -0.0100455
211 4.83757 11.2967 -0.00990805
212 -2.57301 8.30391 -0.00995991
213 -10.5157 4.4192 -0.00953474
214 -15.4998 2.58822 -0.0100112
215 -18.8061 -0.372819 -0.00950302
216 -19.9911 -1.76779 -0.00846822
217 -19.5932 -1.78421 -0.00729129
218 -19.078 -0.265002 -0.00600454
219 -17.7845 1.84742 -0.00436516
220 -4.65245 0.665902 -0.00246755
221 -13.7688 4.71771 -0.000402675
222 -12.1724 5.20306 0.000981146
223 -10.4331 5.23552 0.00204166
224 -10.2996 4.41118 0.00213046
225 -11.0497 3.72781 0.00178482
226 -9.81731 2.04943 0.00168459
227 -7.98971 0.465002 0.00166474
228 -6.69633 -0.60132 0.00195599
229 -5.33014 -2.04887 0.00287641
230 -2.40448 -2.43973 0.00382064
231 0.593969 -2.25793 0.00447572
232 2.37779 -3.02467 0.00546526
233 3.23668 -3.05392 0.00593578
234 2.82059 -3.92735 0.00643315
235 14.6304 -4.634 0.00757864
236 0.262276 -6.57704 0.00733748
237 -2.52796 -6.73055 0.00677755
238 -4.8142 -7.60481 0.00640509
239 -6.40643 -8.01925 0.00579325
240 -7.48488 -7.36671 0.00463397
241 -8.4437 -6.03435 0.00312939
242 -8.41166 -5.06868 0.00213798
243 -7.82906 -4.47546 0.00112341
244 -6.81079 -3.22311 -5.27759e-05
245 -6.30476 -1.89356 -0.00142238
246 -5.6002 -1.1176 -0.00262367
247 -5.54616 -0.0268172 -0.0040594
248 -4.60957 0.812584 -0.00559887
249 -3.43849 1.59737 -0.00677701
250 7.26674 0.975699 -0.00591192
251 0.397994 1.69651 -0.00813667
252 2.18984 2.35834 -0.00876049
253 3.41327 2.66178 -0.00939224
254 4.70351 2.43162 -0.00974316
255 5.05952 2.70107 -0.00988352
256 5.6605 2.58079 -0.0100453
257 6.9174 2.72818 -0.0101715
258 8.06245 2.41787 -0.00964966
259 8.52804 2.64853 -0.00947219
260 9.72096 3.39998 -0.00914335
261 11.3219 5.44163 -0.00955332
262 12.4538 6.98727 -0.00999843
263 12.3992 8.86813 -0.0103902
264 12.3537 10.4 -0.0108969
265 22.8671 9.72359 -0.0102037
266 15.223 11.8838 -0.0102547
267 17.1025 11.2607 -0.0086887
268 18.771 9.83633 -0.00679562
269 20.4431 8.16474 -0.00516196
270 20.4385 5.94639 -0.003674
271 19.7746 3.71842 -0.00273006
272 19.0898 1.22513 -0.00215766
273 18.7165 -0.930733 -0.00173757
274 16.6233 -3.58187 -0.00106152
275 15.1386 -5.68845 -0.000363245
276 13.1364 -6.37959 -0.000235873
277 11.8071 -6.99437 6.37192e-05
278 10.3429 -6.88376 0.000601507
279 8.22978 -6.77542 0.000889906
280 17.2603 -7.48687 0.00131284
281 5.01225 -4.72721 0.000912237
282 1.19818 -4.99201 0.00131533
283 -3.46313 -5.59682 0.00180572
284 -7.12212 -7.16262 0.00287076
285 -11.1598 -10.1386 0.00435953
286 -14.1964 -13.1862 0.00625874
287 -17.5675 -16.7023 0.00818256
288 -19.8898 -19.2097 0.0100159
289 -22.011 -21.5954 0.0118055
290 -23.3713 -22.2639 0.0128574
291 -23.8634 -20.2754 0.0124021
292 -23.5903 -17.7095 0.011384
293 -23.5385 -14.4839 0.0102404
294 -25.9023 -11.2494 0.00873772
295 -18.0276 -11.8024 0.00910265
296 -30.106 -2.58674 0.00379892
297 -34.3023 0.879702 0.00155153
298 -39.6721 4.3706 -0.00148164
299 -44.5293 7.51684 -0.00415273
300 -47.0536 9.80289 -0.00523776
301 -45.5836 11.4862 -0.00430145
302 -39.2986 12.6664 -0.00261027
303 -34.7177 13.6238 -0.000295983
304 -29.9386 13.2738 0.00236635
305 -25.4885 13.0262 0.00445947
306 -21.6931 11.5 0.00530819
307 -18.1544 9.93974 0.00455399
308 -14.0999 7.59967 0.00316501
309 -9.44964 4.51526 0.00205889
310 -2.22066 3.71027 0.00253206
311 -2.01908 2.08014 -0.000566142
312 2.1798 2.63234 -0.00118755
313 8.94732 3.4526 -0.000712065
314 17.3843 4.22228 0.000774066
315 25.2375 4.28787 0.00240123
316 30.7374 4.42003 0.00243723
317 33.0881 3.43918 0.00170943
318 32.9335 1.38624 0.000176799
319 31.3654 -1.50611 -0.000901675
320 29.036 -4.21713 -0.00187985
321 28.0723 -5.55908 -0.00330496
322 28.3825 -6.54615 -0.00413714
323 28.761 -7.44098 -0.00405289
324 28.5368 -7.25013 -0.0035976
325 34.9563 -8.27037 -0.00296781
326 24.9633 -6.39977 -0.00269866
327 21.9091 -5.84266 -0.00242934
328 19.5059 -5.18279 -0.00211973
329 18.9482 -4.31538 -0.00176527
330 18.5936 -3.40944 -0.00150872
331 18.3954 -2.52684 -0.000717237
332 16.7595 -2.34996 0.000310267
333 15.3727 -2.49522 0.00112044
334 13.0963 -2.41562 0.00129829
335 10.3344 -3.03768 0.00137945
336 7.17695 -4.07038 0.001307
337 5.21513 -5.1416 0.00128118
338 4.17518 -5.88077 0.00107669
339 3.39013 -5.99214 0.000854079
340 9.58326 -6.66168 0.00126496
341 2.14368 -4.5403 -0.000435616
342 1.66125 -2.80992 -0.00085619
343 1.44906 -0.985081 -0.00129308
344 1.52856 1.59064 -0.00225308
345 1.12235 3.74853 -0.00342215
346 0.220362 5.43241 -0.00485387
347 -1.8198 7.22565 -0.00629403
348 -4.04953 8.32383 -0.00703795
349 -5.84461 8.76283 -0.00725739
350 -5.91123 8.65972 -0.00698579
351 -5.64619 8.29415 -0.00635406
352 -5.73583 7.44815 -0.00538319
353 -6.20262 6.93809 -0.00438983
354 -7.5678 6.41061 -0.00404716
355 -0.836544 5.70413 -0.00365673
356 -9.42077 6.04332 -0.00379589
357 -10.6182 4.82699 -0.00314818
358 -11.065 4.02908 -0.00266436
359 -10.3628 4.30894 -0.00209226
360 -9.41062 3.76268 -0.00091424
361 -7.74178 3.19071 0.000675916
362 -6.71682 2.88781 0.0020367
363 -4.22923 2.12164 0.00411965
364 -2.56234 1.20091 0.00608707
365 -0.192617 0.544717 0.00774266
366 2.49155 0.420788 0.00857223
367 5.05037 -0.0588249 0.00916078
368 6.84424 -0.298909 0.00944958
369 8.32213 -0.582384 0.00957434
370 14.8869 -1.25247 0.0102719
371 10.1656 -0.244726 0.00918828
372 12.7858 -0.870896 0.00991339
373 19.2889 -0.985246 0.0108134
374 27.3622 -1.40166 0.0121423
375 33.6919 -3.26368 0.01448
376 39.3239 -5.72849 0.0171897
377 43.4818 -8.58067 0.0192393
378 43.9945 -11.8475 0.0202144
379 38.5654 -13.9921 0.0201149
380 32.7444 -15.3999 0.0192476
381 29.467 -15.1717 0.0175492
382 26.5398 -13.4723 0.0147364
383 21.8997 -11.0975 0.0116624
384 17.3779 -8.79802 0.00944542
385 24.0894 -9.06051 0.0100006
386 12.2821 -0.476221 0.00334965
387 10.055 3.78573 4.96694e-05
388 7.37414 7.26995 -0.00334046
389 4.41275 10.7908 -0.00780039
390 2.58763 14.0643 -0.0121698
391 0.0369281 15.1953 -0.015111
392 -1.19656 16.0553 -0.0167889
393 0.789299 16.1205 -0.017201
394 2.77093 15.4758 -0.0163626
395 3.64208 14.1359 -0.0148062
396 4.03181 12.7229 -0.0134205
397 3.75308 11.0119 -0.0120197
398 2.78691 9.0514 -0.0106334
399 2.49133 7.23149 -0.00972519
400 9.47721 6.77645 -0.00889354
401 4.90439 3.82923 -0.0079477
402 6.08868 2.53615 -0.00784067
403 5.41074 1.18919 -0.00830814
404 2.73594 -0.80624 -0.00890546
405 0.0134181 -2.33532 -0.00914785
406 -4.50405 -4.40121 -0.00860422
407 -7.6093 -6.04362 -0.00719052
408 -8.39138 -6.1752 -0.00551622
409 -9.1433 -5.64538 -0.00443006
410 -9.84874 -6.01478 -0.00229076
411 -11.1533 -5.65238 -0.00055077
412 -13.2758 -5.31209 0.00101939
413 -17.0661 -5.8269 0.0025957
414 -22.2762 -5.55711 0.00313556
415 -18.4979 -5.94585 0.00370892
416 -33.9712 -5.96527 0.00321099
417 -38.9877 -5.77455 0.00307815
418 -44.1353 -5.88733 0.0029083
419 -48.5575 -6.45156 0.00354886
420 -51.9031 -5.62296 0.00389431
421 -55.6185 -4.21707 0.00400316
422 -58.9482 -2.36932 0.00363185
423 -62.8266 -0.147635 0.00267545
424 -67.0855 2.4519 0.00143895
425 -70.2139 4.69584 -2.5742e-06
426 -73.6912 6.84148 -0.00153845
427 -77.1952 8.07912 -0.00295515
428 -79.7101 9.83498 -0.00474569
429 -81.4363 10.5728 -0.00623005
430 -77.8008 10.6413 -0.00614208
431 -83.2786 10.3594 -0.00824765
432 -82.7408 9.73364 -0.00887098
433 -81.4948 8.82672 -0.00895243
434 -80.5108 8.02982 -0.00916761
435 -79.6589 7.18332 -0.00958963
